1       44352   11
1       44353   11
1       44354   9
1       44355   10
1       44356   10
1       44357   12
1       44358   12
1       44359   12
1       44360   12
1       44361   13
1       44362   13
1       44363   13
1       44364   13
1       44365   14
1       44366   14
1       44367   14
1       44368   14
1       44369   14
1       44370   14
1       44371   14
1       44372   13
1       44373   13
1       44374   13
1       44375   13
1       44376   12
1       44377   12
1       44378   12
1       44379   12
1       44380   14
1       44381   14
1       44382   14
1       44383   14
1       44384   14
1       44385   14
1       44386   14
1       44387   14
1       44388   14
1       44389   14
1       44390   14
1       44391   14
1       44392   14
1       44393   14
1       44394   14
1       44395   14
1       44396   14
1       44397   14
1       44398   14
1       44399   14
1       44400   14
1       44401   14
1       44402   14
1       44403   15
1       44407   15
1       44408   15
1       44409   15
1       44410   15
1       44411   15
1       44412   15
1       44413   14
1       44414   14
1       44415   14
1       44416   15
1       44417   15
1       44418   15
1       44419   15
1       44420   15
1       44421   15
1       44422   15
1       44423   15
1       44424   15
1       44425   16
1       44426   17
1       44427   17
1       44428   16
1       44429   17
1       44430   17
1       44431   17
1       44432   17
1       44433   16
1       44434   16
1       44435   16
1       44436   16
1       44437   15
1       44438   14
1       44439   14
1       44440   14
1       44441   13
1       44442   13
1       44443   13
1       44444   13
1       44445   13
1       44446   13
1       44447   13
1       44448   13
1       44449   13
1       44450   13
1       44451   12
1       44452   12
1       44453   12
1       44454   12
1       44455   13
1       44456   13
1       44457   13
1       44458   13
1       44459   13
1       44460   13
1       44461   12
1       44462   12
1       44463   12
1       44464   12
1       44465   12
1       44466   12
1       44467   12
1       44468   12
1       44469   11
1       44470   11
1       44471   11
1       44472   11
1       44473   11
1       44474   12
1       44475   11
1       44476   11
1       44477   11
1       44478   11
1       44479   11
1       44480   11
1       44481   11
1       44482   11
1       44483   11
1       44484   11
1       44485   11
1       44486   11
1       44487   11
1       44488   11
1       44489   11
1       44490   11
1       44491   11
1       44492   11
1       44493   11
1       44494   11
1       44495   11
1       44496   11
1       44497   11
1       44498   11
1       44499   11
1       44500   11
1       44501   11
1       44502   11
1       44503   11
1       44504   11
1       44505   11
1       44506   11
1       44507   11
1       44508   12
1       44509   12
1       44510   12
1       44511   11
1       44512   11
1       44513   11
1       44514   11
1       44515   10
1       44516   10
1       44517   10
1       44518   10
1       44519   10
1       44520   10
1       44521   10
1       44522   10
1       44523   10
1       44524   10
1       44525   10
1       44526   10
1       44527   10
1       44528   10
1       44529   10
1       44530   8
1       44531   8
1       44532   8
1       44533   8
1       44534   8
1       44535   8
1       44536   8
1       44537   8
1       44538   9
1       44539   9
1       44540   9
1       44541   9
1       44542   9
1       44543   9
1       44544   9
1       44545   11
1       44546   11
1       44547   11
1       44548   13
1       44549   13
1       44550   13
1       44551   13
1       44552   13
1       44553   12
1       44554   12
1       44555   12
1       44556   12
1       44557   13
1       44558   13
1       44559   13
1       44560   13
1       44561   13
1       44562   13
1       44563   13
1       44564   13
1       44565   13
1       44566   12
1       44567   12
1       44568   12
1       44569   12
1       44570   12
1       44571   12
